10;A;1239094844.664443;+0.7530;+0.0029;+0.0010;+0.0000;+0.0000;49.989
10;A;1239094844.725036;+0.7529;+0.0028;+0.0010;+0.0000;+0.0000;24.631
10;A;1239094844.795739;+0.7529;+0.0028;+0.0010;+0.0000;+0.0000;24.631
10;A;1239094844.856346;+0.7529;+0.0028;+0.0010;+0.0000;+0.0000;24.631
10;A;1239094844.927056;+0.7529;+0.0028;+0.0010;+0.0000;+0.0000;24.631
10;A;1239094844.987659;+0.7529;+0.0028;+0.0010;+0.0000;+0.0000;24.631
10;A;1239094845.058365;+0.7531;+0.0028;+0.0010;+0.0000;+0.0000;24.631
10;A;1239094845.118974;+0.7531;+0.0028;+0.0010;+0.0000;+0.0000;24.631
10;A;1239094845.189681;+0.7531;+0.0028;+0.0010;+0.0000;+0.0000;24.631
10;A;1239094845.250286;+0.7531;+0.0028;+0.0010;+0.0000;+0.0000;24.631
10;A;1239094845.320994;+0.7531;+0.0028;+0.0010;+0.0000;+0.0000;24.631
10;A;1239094845.391716;+0.7530;+0.0028;+0.0010;+0.0000;+0.0000;24.631
10;A;1239094845.452309;+0.7530;+0.0028;+0.0010;+0.0000;+0.0000;24.631
10;A;1239094845.512914;+0.7530;+0.0028;+0.0010;+0.0000;+0.0000;24.631
10;A;1239094845.583620;+0.7530;+0.0028;+0.0010;+0.0000;+0.0000;24.631
10;A;1239094845.644241;+0.7530;+0.0028;+0.0010;+0.0000;+0.0000;24.631
10;A;1239094845.714933;+0.7530;+0.0028;+0.0010;+0.0000;+0.0000;24.631
10;A;1239094845.775537;+0.7527;+0.0028;+0.0010;+0.0000;+0.0000;24.631
10;A;1239094845.846242;+0.7527;+0.0028;+0.0010;+0.0000;+0.0000;24.631
10;A;1239094845.906852;+0.7527;+0.0028;+0.0010;+0.0000;+0.0000;24.631
10;A;1239094845.977558;+0.7527;+0.0028;+0.0010;+0.0000;+0.0000;24.631
10;A;1239094846.038166;+0.7527;+0.0028;+0.0010;+0.0000;+0.0000;24.631
10;A;1239094846.108900;+0.7527;+0.0028;+0.0010;+0.0000;+0.0000;24.631
10;A;1239094846.169487;+0.7508;+0.0028;+0.0010;+0.0000;+0.0000;24.631
10;A;1239094846.240183;+0.7508;+0.0028;+0.0010;+0.0000;+0.0000;24.631
10;A;1239094846.300788;+0.7508;+0.0028;+0.0010;+0.0000;+0.0000;24.631
10;A;1239094846.371493;+0.7508;+0.0028;+0.0010;+0.0000;+0.0000;24.631
10;A;1239094846.432116;+0.7508;+0.0028;+0.0010;+0.0000;+0.0000;24.631
10;A;1239094846.502811;+0.7508;+0.0028;+0.0010;+0.0000;+0.0000;24.631
10;A;1239094846.563432;+0.7493;+0.0028;+0.0010;+0.0000;+0.0000;24.631
10;A;1239094846.634122;+0.7493;+0.0028;+0.0010;+0.0000;+0.0000;24.631
10;A;1239094846.694729;+0.7493;+0.0028;+0.0010;+0.0000;+0.0000;24.631
10;A;1239094846.765433;+0.7493;+0.0028;+0.0010;+0.0000;+0.0000;24.631
10;A;1239094846.826041;+0.7493;+0.0028;+0.0010;+0.0000;+0.0000;24.631
10;A;1239094846.896744;+0.7497;+0.0028;+0.0010;+0.0000;+0.0000;24.631
10;A;1239094846.957355;+0.7497;+0.0028;+0.0010;+0.0000;+0.0000;24.631
10;A;1239094847.038168;+0.7497;+0.0028;+0.0010;+0.0000;+0.0000;24.631
10;A;1239094847.098765;+0.7497;+0.0028;+0.0010;+0.0000;+0.0000;24.631
10;A;1239094847.169474;+0.7497;+0.0028;+0.0010;+0.0000;+0.0000;24.631
10;A;1239094847.230081;+0.7501;+0.0028;+0.0010;+0.0000;+0.0000;24.631
10;A;1239094847.300784;+0.7501;+0.0028;+0.0010;+0.0000;+0.0000;24.631
10;A;1239094847.361392;+0.7501;+0.0028;+0.0010;+0.0000;+0.0000;24.631
10;A;1239094847.432106;+0.7501;+0.0028;+0.0010;+0.0000;+0.0000;24.631
10;A;1239094847.492705;+0.7501;+0.0028;+0.0010;+0.0000;+0.0000;24.631
10;A;1239094847.563410;+0.7507;+0.0028;+0.0010;+0.0000;+0.0000;24.631
10;A;1239094847.624021;+0.7507;+0.0028;+0.0010;+0.0000;+0.0000;24.631
10;A;1239094847.694736;+0.7507;+0.0028;+0.0010;+0.0000;+0.0000;24.631
10;A;1239094847.755331;+0.7507;+0.0028;+0.0010;+0.0000;+0.0000;24.631
10;A;1239094847.826035;+0.7507;+0.0028;+0.0010;+0.0000;+0.0000;24.631
10;A;1239094847.886643;+0.7516;+0.0028;+0.0010;+0.0000;+0.0000;24.631
10;A;1239094847.957349;+0.7516;+0.0028;+0.0010;+0.0000;+0.0000;24.631
10;A;1239094848.017955;+0.7516;+0.0028;+0.0010;+0.0000;+0.0000;24.631
10;A;1239094848.088660;+0.7516;+0.0028;+0.0010;+0.0000;+0.0000;24.631
10;A;1239094848.149278;+0.7516;+0.0028;+0.0010;+0.0000;+0.0000;24.631
10;A;1239094848.219977;+0.7516;+0.0028;+0.0010;+0.0000;+0.0000;24.631
10;A;1239094848.280583;+0.7520;+0.0028;+0.0010;+0.0000;+0.0000;24.631
10;A;1239094848.351290;+0.7520;+0.0028;+0.0010;+0.0000;+0.0000;24.631
10;A;1239094848.411894;+0.7520;+0.0028;+0.0010;+0.0000;+0.0000;24.631
10;A;1239094848.482602;+0.7520;+0.0028;+0.0010;+0.0000;+0.0000;24.631
10;A;1239094848.543212;+0.7520;+0.0028;+0.0010;+0.0000;+0.0000;24.631
10;A;1239094848.613912;+0.7520;+0.0028;+0.0010;+0.0000;+0.0000;24.631
10;A;1239094848.674535;+0.7525;+0.0028;+0.0010;+0.0000;+0.0000;24.631
10;A;1239094848.745229;+0.7525;+0.0028;+0.0010;+0.0000;+0.0000;24.631
10;A;1239094848.805834;+0.7525;+0.0028;+0.0010;+0.0000;+0.0000;24.631
10;A;1239094848.876539;+0.7525;+0.0028;+0.0010;+0.0000;+0.0000;24.631
10;A;1239094848.937150;+0.7525;+0.0028;+0.0010;+0.0000;+0.0000;24.631
10;A;1239094849.007858;+0.7525;+0.0028;+0.0010;+0.0000;+0.0000;24.631
10;A;1239094849.068460;+0.7525;+0.0028;+0.0010;+0.0000;+0.0000;24.631
10;A;1239094849.139209;+0.7525;+0.0028;+0.0010;+0.0000;+0.0000;24.631
10;A;1239094849.199789;+0.7525;+0.0028;+0.0010;+0.0000;+0.0000;24.631
10;A;1239094849.270478;+0.7525;+0.0028;+0.0010;+0.0000;+0.0000;24.631
10;A;1239094849.331083;+0.7521;+0.0028;+0.0010;+0.0000;+0.0000;24.631
10;A;1239094849.401793;+0.7521;+0.0028;+0.0010;+0.0000;+0.0000;24.631
10;A;1239094849.462411;+0.7521;+0.0028;+0.0010;+0.0000;+0.0000;24.631
10;A;1239094849.533103;+0.7521;+0.0028;+0.0010;+0.0000;+0.0000;24.631
10;A;1239094849.775528;+0.7521;+0.0028;+0.0010;+0.0000;+0.0000;49.976
